alpha=0.909091
beta=0.010000
ntopics=55
ndocs=28109
nwords=42040
liter=100
